0,0.60079,0.63731,0.41128,-0.21329,-0.06329,-0.48289,-0.39018,-0.30536,0.003358,0.25218,-0.045276,0.069367,-0.13224,0.28194,0.11946,0.055173,0.0094286,0.046309,0.2916,-0.23232,0.29197,-0.13667,0.05848,0.25575,0.33789,0.27683,0.018537,-0.26868,0.16535,0.20182,0.3424,0.16081,0.12429,0.25834,0.087917,0.10123,-0.3672,0.10298,0.13505,-0.033684,0.0039678,0.019225,-0.26059,-0.14058,-0.24528,0.26435,-0.066782,-0.30715,0.1146,0.4753,-0.15543,0.43252,0.032765,-0.078402,-0.2285,-0.049816,-0.28378,0.26954,-0.04708,-0.50207,-0.17848,0.18853,0.013801,-0.22314,-0.031738,0.01835,-0.10348,-0.02417,-0.29356,-0.32319,-0.22546,-0.27996,-0.26046,-0.16063,-0.21864,-0.099536,-0.28298,-0.37691,-0.40845,-0.10033,0.00064057,0.37749,0.41281,0.2607,0.26147,-0.0081675,0.12122,0.32676,0.23478,0.36354,0.79605,0.55153,0.60389,0.44576,-0.37885,-0.14523,-0.2328,-0.26117,-0.092709,-0.39525,0.23723,-0.29499,0.04239,-0.35823,0.17188,0.23698,0.0052454,-0.20686,0.13709,0.24637,-0.19729,0.06257,-0.1836,-0.10933,0.3674,0.22547,0.29795,0.087455,-0.10752,0.034013,0.10305,0.31727,0.13584,-0.10476,0.19705,0.093045,0.33965,-0.22659,0.10716,-0.025947,0.053275,0.068235,0.16217,-0.31329,-0.30689,-0.15758,0.054339,0.015511,-0.27606,-0.085053,0.44283,0.15692,0.36008,-0.029683,0.091621,-0.13799,-0.11807,0.16516,0.013339,-0.13467,-0.23183,-0.12037,0.27564,0.22415,-0.11046,0.25233,0.088098,-0.0064104,0.022915,-0.18776,-0.36356,-0.1714,-0.2386,-0.046029,-0.16713,-0.19164,-0.12694,-0.021557,-0.10152,-0.20019,0.11609,-0.020978,0.37002,0.41814,0.17236,0.15492,0.034918,0.11338,0.24909,0.19846,0.28587
0.60079,0,0.50287,0.49617,-0.3153,-0.31184,-0.38264,-0.32105,-0.16832,-0.091632,0.090207,-0.073306,-0.013028,-0.21686,-0.095127,0.27599,0.13699,-0.14409,-0.13948,0.32572,-0.21496,-0.076128,-0.0010554,-0.10234,0.043753,0.24519,0.22851,0.06713,-0.28597,0.047528,0.228,0.11043,-0.12022,-0.088295,0.34074,0.26195,0.19078,-0.1754,0.27869,0.14814,-0.13883,0.36481,0.44951,-0.15904,-0.18502,0.0058703,-0.033851,-0.3208,-0.05988,0.16133,0.2207,-0.10336,0.19985,-0.036296,-0.11679,-0.13671,-0.098625,-0.34831,0.0041279,-0.020297,-0.33797,0.021658,-0.021713,-0.068338,0.44736,0.205,0.054229,-0.29029,-0.14754,-0.37295,-0.088869,-0.19676,-0.12168,-0.23573,-0.35736,-0.1713,-0.23852,-0.19988,-0.41974,-0.43919,-0.17379,-0.014891,0.35692,0.44173,0.36372,0.23739,-0.079375,-0.026464,-0.087527,-0.076318,0.17881,0.41895,0.56157,0.29578,0.45429,-0.36998,-0.13744,-0.026783,-0.24615,0.067827,-0.16488,0.18346,-0.14678,0.23084,-0.15387,-0.072804,0.27095,0.030178,-0.13708,0.01113,0.35011,-0.33134,-0.15457,-0.027738,-0.011355,0.16002,0.18978,0.22007,0.11716,0.019923,-0.13428,0.11245,0.22778,-0.033418,-0.10006,0.21634,0.23307,0.22139,-0.074927,0.089626,0.10791,0.16363,0.1233,0.13984,-0.16812,-0.12147,0.17392,0.080387,0.031126,0.0014529,0.025935,0.21596,0.18326,0.12489,-0.003307,0.064305,-0.084398,-0.17978,-0.0041666,0.010091,-0.033475,-0.10412,0.099211,0.25563,0.14247,-0.034954,0.34695,0.23623,-0.088101,0.07976,-0.15277,-0.21908,-0.044463,-0.078212,-0.089007,-0.083429,-0.3911,-0.092619,0.053592,0.020664,-0.21841,0.023837,-0.088607,0.33811,0.43102,0.41111,0.33648,0.030397,0.089012,-0.074666,-0.010522,0.1586
0.63731,0.50287,0,0.43958,-0.11515,-0.013153,-0.26538,-0.28104,-0.37025,-0.05033,0.16848,-0.045344,-0.096005,0.0071326,0.133,0.15414,0.15526,0.037118,0.032547,0.25494,-0.26555,0.10269,0.16881,-0.019877,0.034606,0.032125,0.23843,-0.18912,-0.20074,0.24537,0.27765,0.28712,0.11511,-0.021521,0.52799,-0.077336,-0.075114,-0.23609,0.42356,0.20215,0.096193,0.33835,0.3205,-0.10053,-0.21587,0.024605,0.32637,0.067921,-0.28104,-0.029094,0.31327,-0.28178,0.29084,0.020177,-0.00019142,-0.17615,-0.18174,-0.26523,0.058121,-0.31201,-0.46721,-0.23215,0.024633,0.10843,-0.0076004,0.014155,-0.060543,-0.15915,-0.22252,-0.48188,-0.20869,-0.47777,-0.32216,-0.13422,-0.13973,-0.39825,-0.071748,-0.015716,-0.26184,-0.061066,-0.24114,0.20004,0.53985,0.33978,0.19591,0.16483,-0.042484,0.10451,0.19873,0.095374,0.35475,0.52504,0.2857,0.69407,0.36313,-0.4484,-0.1897,-0.16068,-0.40865,-0.12144,-0.31801,0.17486,-0.18262,-0.034188,-0.25368,0.19395,0.23136,0.16546,-0.2859,0.3402,0.24257,-0.34444,0.10167,0.028483,-0.02492,0.1573,-0.082678,0.22477,0.059204,-0.10327,-0.025711,0.18204,0.30527,-0.0091561,-0.24963,0.27725,-0.10749,0.010258,-0.16372,0.13914,0.095114,0.39113,0.15242,0.33509,-0.088342,-0.28335,-0.069111,-0.060995,-0.073517,-0.13597,0.002698,0.32477,-0.11652,0.30121,-0.099189,-0.047067,-0.28069,-0.32407,-0.13457,-0.024257,-0.23182,-0.080089,-0.18017,0.20507,0.079832,-0.10195,0.29951,-0.080128,-0.13961,-0.26713,-0.15708,-0.11838,-0.22629,-0.14145,-0.087513,-0.088205,-0.24435,-0.10647,0.031068,-0.010106,0.038062,-0.044865,0.044433,0.56401,0.3335,0.19396,0.26698,0.073227,0.27077,0.065813,-0.079325,0.36578
0.41128,0.49617,0.43958,0,-0.12268,-0.23545,-0.36916,-0.077471,-0.2482,-0.172,0.30464,0.067479,-0.017398,0.10433,0.012138,0.48553,0.30936,-0.13551,0.05837,0.24514,-0.065959,-0.033558,0.052819,-0.050671,0.45846,0.36342,0.37994,0.10319,-0.18972,0.05592,0.22902,0.083299,-0.19563,-0.23864,0.50317,0.2822,0.0050053,-0.21141,0.21318,0.051242,0.0087046,-0.029444,-0.011707,-0.32699,-0.21203,-0.05383,-0.13567,0.074134,-0.2932,0.27628,0.39594,0.1223,0.43073,0.32008,0.053283,-0.20572,-0.23845,-0.038709,0.065018,0.028155,-0.29354,-0.2017,0.25229,0.10552,0.055131,0.13674,0.23777,0.063697,-0.11074,-0.35231,-0.17898,-0.29364,-0.28286,-0.20745,-0.28404,-0.018518,-0.11773,-0.18026,-0.42227,-0.2318,-0.13194,0.023834,0.29952,0.48181,0.32365,0.12966,-0.070568,-0.082757,-0.21562,-0.089481,0.44943,0.30922,0.24572,0.26633,0.64897,-0.2851,-0.029468,-0.1837,-0.14471,0.0042005,-0.2793,0.075749,-0.23726,0.16664,-0.18952,0.075732,0.082402,-0.055845,-0.42558,0.067091,0.20754,-0.10762,0.065288,0.032371,0.058327,0.37694,0.25803,0.15574,0.15626,-0.020274,-0.11266,0.1533,0.2459,-0.12215,-0.078568,0.25289,0.079448,0.1631,-0.22773,0.18603,0.030899,0.12212,0.06943,0.3493,-0.24397,-0.20447,-0.1553,-0.20311,0.099751,-0.29272,0.064719,0.25554,0.19158,0.21367,0.078743,-0.025717,-0.31585,-0.30342,0.036371,0.08419,-0.054714,-0.11171,-0.20048,0.15068,0.29126,-0.091965,0.30412,0.12387,0.16679,-0.046993,-0.27332,-0.20287,-0.22534,-0.10069,-0.34432,-0.1005,-0.42814,-0.10672,0.0081358,-0.26603,-0.14291,0.040248,-0.0052858,0.37837,0.41455,0.30064,0.30682,-0.03737,0.11716,-0.13796,-0.048183,0.14873
-0.21329,-0.3153,-0.11515,-0.12268,0,0.3895,0.31858,0.088511,0.029895,0.044225,0.080308,-0.18044,0.25477,0.24759,-0.0075124,-0.1993,-0.22104,0.14916,-0.08467,-0.0068491,0.11915,-0.041282,0.25133,0.11095,0.009917,-0.15046,0.2973,-0.12452,0.41495,-0.08422,-0.1889,-0.0035637,0.24594,0.023492,-0.1115,0.12979,-0.026447,-0.11428,0.041026,-0.085961,0.26958,-0.081149,-0.12377,0.17212,0.16826,-0.062607,-0.02023,0.055143,-5.2441e-05,0.0014716,0.050159,0.27939,-0.19412,0.0060919,-0.11368,-0.17039,-0.007919,0.43781,0.017131,-0.11035,0.074134,-0.21109,0.013619,-0.095967,-0.23297,-0.18012,-0.18487,-0.086744,0.072014,0.069968,-0.18648,-0.05209,-0.10869,0.23265,0.034669,0.076188,0.033869,0.034671,0.11132,0.20523,-0.24739,0.1072,-0.07833,-0.11651,-0.36525,-0.29125,-0.37355,-0.27084,0.017428,0.17313,-0.19893,-0.2152,-0.2374,-0.16233,-0.24709,0.28351,0.26118,-0.19185,-0.046476,-0.51934,-0.11762,0.15813,-0.13722,0.054112,0.27909,-0.0163,0.02172,0.064966,0.16219,0.010204,0.23497,0.16147,0.16563,0.077923,0.091185,-0.19499,-0.19315,0.27047,-0.10607,-0.064151,0.065231,-0.15441,-0.09968,0.094357,0.21899,-0.27325,0.06918,-0.0022595,0.032565,-0.10923,-0.1863,-0.014789,-0.028448,-0.094945,0.17923,0.0064575,0.010203,0.062196,-0.063777,0.03423,0.1161,-0.073187,0.20374,-0.098827,0.081884,-0.090203,-0.19035,0.26999,0.24547,0.076283,0.063901,0.024051,-0.094892,0.078399,-0.1085,0.17692,-0.31099,-0.15522,-0.090288,0.085473,0.16248,-0.0018312,0.0067444,0.02564,0.057723,-0.078735,0.19673,0.048481,0.11119,0.14121,0.25708,-0.37693,-0.15369,-0.10086,-0.32282,-0.20969,-0.14216,-0.15739,-0.19747,-0.036869,0.17877,-0.085709
-0.06329,-0.31184,-0.013153,-0.23545,0.3895,0,0.4894,0.16941,0.20527,0.42827,-0.021465,-0.076036,-0.04545,0.475,0.067995,-0.24404,-0.18975,0.31056,0.23382,-0.18823,-0.062677,0.12888,0.17183,0.16179,-0.083173,-0.2002,-0.058244,-0.32298,0.27047,0.077046,0.029357,-0.046315,0.1597,0.011577,-0.04323,-0.096927,-0.14568,-0.017873,-0.15932,0.047969,0.098954,-0.074167,-0.24498,0.12476,0.10692,-0.23264,0.37339,0.31511,-0.26579,-0.13062,0.1147,-0.10881,0.024973,-0.2693,-0.20343,0.062014,-0.0003681,0.23371,-0.041123,-0.1581,0.049718,-0.26601,0.20391,-0.00038897,-0.31142,-0.27965,-0.134,-0.19315,-0.078413,0.0025977,-0.095821,-0.027168,-0.30599,0.17014,-0.021194,-0.0199,0.01415,0.049326,0.098015,0.18753,-0.082141,-0.056417,-0.06141,-0.2274,-0.2818,-0.10439,0.017246,-0.15386,0.11924,0.30907,-0.015834,-0.028274,-0.15986,0.12255,-0.16608,0.17249,0.13343,-0.09,0.11567,-0.1388,0.22963,0.050548,0.25469,-0.079808,0.14779,0.039,-0.017485,0.048359,0.31604,0.19922,-0.033691,-0.1353,0.056966,0.054312,-0.075625,-0.070465,-0.2579,0.2007,-0.42474,-0.27369,-0.060941,-0.056628,-0.075451,-0.11252,-0.043891,-0.18085,-0.14716,-0.025708,0.031615,-0.036377,0.016425,-0.21911,-0.078246,-0.082754,0.071304,-0.070618,-0.24303,0.10503,0.056575,-0.17468,-0.096957,-0.013287,0.037994,0.023374,-0.16591,-0.15807,0.18463,0.31315,0.29555,-0.12615,-0.24247,-0.07681,-0.29509,0.25698,-0.054458,-0.059752,-0.014894,-0.30674,-0.15628,-0.28246,-0.014292,-0.010607,0.075253,0.002272,0.097237,-0.14851,0.14216,-0.097264,0.14777,-0.031665,0.15115,-0.073616,-0.12456,0.085549,-0.13148,-0.30304,0.087225,-0.16502,-0.18869,0.14979,0.32335,0.027062
-0.48289,-0.38264,-0.26538,-0.36916,0.31858,0.4894,0,0.27316,0.53224,0.34201,-0.02823,-0.073642,-0.063655,0.23634,-0.15694,-0.21858,-0.080174,0.23533,0.1694,-0.12359,0.086946,-0.21361,0.26815,0.051975,-0.30621,-0.3073,-0.097213,-0.26689,0.37539,-0.2166,-0.0082397,-0.14371,0.009305,0.13204,0.012376,-0.071237,-0.19824,0.22597,0.016359,-0.013312,0.050497,0.0078156,-0.027957,0.18989,0.22712,-0.12488,0.052191,0.19828,0.021011,-0.24957,-0.2082,0.0050934,-0.17014,-0.33166,-0.27121,0.15981,-0.0058729,0.25073,-0.3674,-0.022583,0.2181,-0.022431,0.23604,-0.30986,0.038204,-0.073394,-0.402,-0.33309,-0.2118,0.12158,0.080494,0.20257,0.037425,0.011122,0.13247,0.22615,-0.098326,0.1346,0.30283,0.31351,-0.15768,-0.12972,-0.080793,-0.29247,-0.27395,-0.081482,-0.008835,-0.40125,-0.11631,0.23945,-0.33007,-0.33611,-0.39181,-0.20772,-0.22775,0.26971,0.14759,0.26739,0.37525,0.14843,0.48035,0.0095889,0.28836,0.0052299,0.12281,-0.065009,-0.13601,0.061308,0.23382,0.19238,-0.066298,-0.048822,-0.040417,0.24384,0.062636,-0.39657,-0.25118,0.073525,-0.18918,-0.11438,-0.13896,-0.0035052,-0.25726,-0.12059,-0.03737,0.0087912,0.11245,-0.31557,0.036843,-0.098432,0.047515,0.01324,-0.14302,-0.16602,0.25161,0.055521,-0.22659,0.29307,0.026923,0.089828,0.14292,-0.1805,0.032263,0.013593,-0.18102,-0.44397,0.28802,0.1733,0.30713,-0.05895,-0.072449,-0.01542,-0.20449,0.051964,-0.29262,0.15593,-0.21216,-0.46318,-0.27361,-0.32151,-0.05048,0.18213,0.024212,0.091743,-0.077185,0.1071,0.1108,-0.15177,0.074191,-0.019961,0.066846,-0.34071,-0.020547,-0.08226,-0.27391,-0.16482,-0.0071639,-0.071424,-0.34091,-0.11726,0.11487,-0.0032667
-0.39018,-0.32105,-0.28104,-0.077471,0.088511,0.16941,0.27316,0,0.33357,0.1419,-0.098612,0.15274,-0.20991,0.21541,0.0072324,-0.11092,-0.062105,0.26767,0.053945,0.049003,0.41165,-0.021525,0.17125,0.35544,0.082642,0.067229,0.027582,-0.27045,0.051676,-0.22252,-0.040874,-0.27748,-0.44508,-0.024785,-0.026147,0.035798,-0.0335,0.16927,-0.14189,0.26835,0.24636,0.0041698,-0.123,0.059075,0.11803,-0.14486,-0.27485,0.21367,-0.025656,0.079357,-0.16726,0.2916,-0.038806,-0.15314,-0.11201,0.15839,0.081947,0.13496,0.054093,0.25257,0.27067,-0.30012,0.18434,-0.15354,-0.1286,0.049136,0.036926,0.077566,0.061114,-0.025003,0.076226,0.041708,-0.046304,0.015892,0.074912,0.0098648,0.1957,0.18051,0.28548,0.38025,0.0043579,0.055959,-0.14997,-0.095264,-0.15013,0.11863,0.22021,-0.21236,-0.0035117,-0.18936,-0.12648,-0.3421,-0.25249,-0.30835,-0.25368,0.14675,-0.0058962,0.25645,0.57606,0.28064,0.27268,-0.29477,0.078321,-0.20761,-0.073597,-0.14365,-0.26438,-0.085277,0.26718,-0.26494,-0.22465,0.30888,-0.10096,0.21867,0.10541,-0.1548,-0.10096,-0.24657,-0.38947,-0.19089,-0.072014,-0.1744,-0.20675,-0.20578,0.25141,-0.028694,0.012979,-0.10444,-0.1195,0.050766,0.16131,-0.12127,0.02787,0.018291,-0.0046855,0.0050782,-0.21844,-0.11085,0.14978,-0.12964,0.15451,-0.23616,0.032911,-0.10379,-0.14218,-0.29996,0.084815,0.0053658,0.06425,0.21425,0.19476,0.0089029,-0.32162,-0.034839,-0.24779,-0.0069365,0.16224,-0.24669,-0.077832,-0.075441,-0.03267,-0.048366,0.092774,0.12424,0.0082331,0.0065221,0.019535,0.22144,0.10255,0.36452,0.05395,-0.27144,-0.19123,-0.12694,-0.23516,-0.24667,-0.068164,-0.16153,-0.18776,0.0442,0.0088357,-0.07759
-0.30536,-0.16832,-0.37025,-0.2482,0.029895,0.20527,0.53224,0.33357,0,0.39299,-0.097978,0.025533,0.018541,-0.057957,-0.27567,-0.18244,-0.084002,0.0070409,0.12115,-0.21786,-0.024422,-0.27189,0.1153,0.0072519,-0.14508,-0.18701,0.14034,-0.16715,0.27036,-0.4192,-0.24027,-0.36804,-0.29309,-0.22206,-0.1732,0.0041121,0.08856,0.0066179,-0.27639,-0.087425,-0.0082173,-0.090462,-0.049903,0.24477,0.3704,-0.18282,0.13043,0.20722,-0.10822,-0.079493,-0.25221,0.080975,-0.011468,-0.24699,-0.152,0.40769,0.24601,0.20518,-0.10308,0.1587,0.064782,-0.066535,0.13474,-0.041564,0.0029415,0.15774,-0.24241,-0.23837,-0.038055,0.13297,0.02903,0.16597,-0.071269,-0.063351,-0.044738,0.094061,-0.12527,0.13244,0.025134,0.0066919,0.024891,-0.10378,0.048489,0.12154,-0.025459,0.20492,0.19162,-0.088883,-0.068087,0.061755,-0.15804,-0.17331,-0.29161,-0.21474,-0.22261,0.42951,0.16044,0.21738,0.34608,0.27844,0.53686,-0.047507,0.15111,0.15533,0.11318,-0.35251,-0.12599,0.035084,0.37636,0.022162,-0.23926,-0.096152,-0.41654,0.061196,-0.070974,-0.1678,-0.26469,0.13957,-0.08733,-0.069885,-0.34708,-0.33728,-0.20287,-0.21868,-0.11535,0.0077563,0.25437,-0.05509,0.13849,-0.23995,-0.085414,-0.15062,-0.36004,-0.39424,0.39694,0.24578,-0.30746,0.4532,0.15034,-0.23397,0.27146,-0.25853,0.07225,-0.12909,-0.29367,-0.29449,0.21054,0.15629,0.31967,0.082413,0.10676,-0.04266,-0.37424,-0.028864,0.019733,0.19526,0.12517,-0.26662,-0.221,-0.15853,-0.14842,0.20552,0.18421,-0.17745,-0.083702,0.083595,-0.17675,0.035404,0.16898,-0.037446,-0.17845,-0.093468,-0.054358,0.12929,0.15592,0.14054,0.057259,0.057181,-0.13992,0.077199,0.04327,-0.10866
0.003358,-0.091632,-0.05033,-0.172,0.044225,0.42827,0.34201,0.1419,0.39299,0,0.030884,0.40024,-0.076366,0.34777,-0.058043,-0.19657,-0.26384,0.11501,0.18917,-0.23663,-0.074742,0.0678,0.076556,-0.027887,-0.19176,-0.0020936,-0.11323,-0.21115,-0.084738,-0.20809,-0.13905,-0.159,0.038292,-0.20837,-0.042735,-0.065726,0.18401,0.053204,-0.30827,-0.22955,-0.079202,-0.038555,-0.028098,-0.070627,-0.047622,-0.23075,0.30061,0.28186,-0.17407,0.0038559,-0.13716,-0.12068,-0.0811,-0.11286,0.025352,0.4915,0.19273,0.24196,0.1373,-0.029051,0.061879,-0.20709,0.20703,0.059029,-0.11625,0.15204,-0.26967,-0.26635,0.14159,-0.20189,-0.027265,0.03978,-0.20882,0.09179,0.048335,-0.17594,0.039632,-0.014056,-0.082519,0.11809,0.23655,-0.12389,0.040438,0.040285,0.12683,0.27985,0.36443,0.11372,0.13973,0.31523,-0.0038169,-0.12857,-0.38763,-0.15639,-0.2994,0.087789,-0.0025653,0.064231,0.1918,-0.12341,0.37661,0.14309,0.2292,0.029349,0.25125,-0.29124,-0.022353,0.024886,0.33362,0.1377,-0.075113,0.095152,-0.29958,0.21822,-0.033228,-0.1652,-0.5011,0.25672,-0.36452,-0.1281,-0.39687,-0.29546,-0.18274,-0.018483,-0.22382,-0.052014,-0.14744,0.056198,0.083922,-0.45373,-0.27796,-0.20529,-0.26215,-0.21741,-0.065631,-0.082839,-0.34741,0.068156,0.1306,-0.28363,-0.040323,-0.052394,-0.037223,-0.036624,-0.16285,-0.17719,0.25864,0.17817,0.36499,0.093717,-0.23548,0.054273,-0.4323,0.33005,0.010978,-0.31118,0.14322,-0.23893,-0.15286,-0.22264,-0.40671,-0.01772,0.070803,-0.13723,-0.029086,0.031604,-0.24054,-0.17023,0.047983,-0.021805,0.010362,0.16182,-0.16808,0.11132,0.10731,0.13195,0.2925,0.066786,0.032017,0.0044404,0.35161,0.033933
0.25218,0.090207,0.16848,0.30464,0.080308,-0.021465,-0.02823,-0.098612,-0.097978,0.030884,0,0.22893,0.62811,0.22973,0.16574,0.68035,0.67206,0.23403,0.62132,0.52008,-0.29704,-0.1071,-0.11416,-0.16135,0.023299,0.19341,0.47964,-0.29865,0.17821,-0.16243,0.11617,0.21185,0.14797,-0.12943,0.45577,-0.18113,-0.329,-0.066567,-0.013412,0.17532,0.35207,-0.25712,-0.21822,0.060261,0.14788,-0.28288,0.093868,0.449,-0.36848,-0.32457,0.37083,-0.046911,0.27653,0.31235,-0.034069,-0.063783,0.034879,0.26094,-0.23698,-0.19527,-0.17358,-0.21621,0.45375,0.20581,-0.43576,0.095943,0.19152,-0.35458,-0.24795,-0.30972,-0.05668,-0.32872,-0.49476,-0.37345,-0.19953,-0.01786,-0.32868,-0.39374,-0.12085,-0.12321,0.12749,-0.4775,0.28684,0.095632,-0.20621,-0.013195,-0.36955,-0.45937,-0.22919,0.2125,0.37148,0.14931,0.0017799,0.057098,0.064442,-0.18253,0.0097398,-0.25318,0.11642,-0.1953,-0.22202,0.60371,0.016662,0.1939,-0.01053,0.1556,0.38698,0.44603,-0.047178,0.38919,0.44725,-0.11692,0.00093314,-0.12604,-0.29495,-0.045997,0.16165,0.049534,-0.251,-0.10394,-0.066946,0.0043027,-0.16761,-0.13072,-0.30674,0.15888,-0.21922,-0.075366,-0.21086,-0.027643,-0.27058,0.08284,-0.02864,0.010075,-0.2658,-0.24176,-0.29279,0.15046,0.50951,-0.41461,-0.52949,0.22755,0.082149,0.13619,-0.10649,-0.14553,-0.14081,0.48173,0.211,-0.35916,-0.28651,-0.096206,-0.32866,0.1282,0.41091,-0.18327,0.044744,-0.14509,-0.27533,-0.3391,-0.45837,-0.12985,-0.32118,-0.46165,-0.48941,-0.02298,-0.11524,-0.59879,-0.29447,-0.45549,-0.32213,-0.050072,-0.24638,0.23949,-0.052962,-0.22933,-0.040602,-0.52089,-0.24592,-0.36763,-0.13343,0.22725
-0.045276,-0.073306,-0.045344,0.067479,-0.18044,-0.076036,-0.073642,0.15274,0.025533,0.40024,0.22893,0,0.02842,0.32805,-0.041682,0.36335,0.18834,0.066753,0.37646,0.11814,-0.049115,-0.073078,0.11774,-0.16581,0.18201,0.22034,0.16253,-0.33469,-0.095363,-0.1927,0.012116,-0.0070508,-0.03063,-0.24625,-0.030813,-0.093271,0.0084564,0.039359,-0.219,0.14613,0.27583,0.059929,-0.014318,0.081961,-0.013905,-0.39732,0.054064,0.17643,-0.27851,-0.1272,0.017241,-0.19188,0.19175,0.10098,-0.0021106,0.4476,-0.12344,0.093948,0.037642,0.090871,0.15229,-0.38153,0.023038,-0.00029159,-0.1751,0.16347,-0.07361,-0.15775,0.050331,-0.26376,0.012238,-0.071378,-0.18961,-0.266,0.17716,0.063357,-0.1584,-0.1865,-0.21612,0.10265,0.26067,-0.38763,-0.01887,-0.052341,0.049256,0.20379,0.088585,0.052227,0.083165,0.20606,0.21608,-0.184,-0.24714,-0.3091,-0.15481,-0.11865,0.096497,0.088198,0.21847,0.1706,0.24403,0.19836,0.24067,-0.12423,0.16138,-0.081566,0.20697,0.26103,0.017147,0.3413,0.072325,0.10485,-0.072058,0.3153,0.037142,-0.079848,-0.081821,-0.0063776,-0.33338,-0.21336,-0.1706,-0.23752,-0.1409,-0.1933,-0.057287,0.01304,-0.15372,-0.1106,-0.15825,-0.38924,0.013598,0.10198,0.095305,0.0054041,0.065093,-0.084461,-0.43127,-0.17602,0.26156,-0.39852,-0.25172,-0.10272,-0.017996,-0.012264,-0.40215,-0.33847,0.27262,0.17391,0.092588,-0.11154,-0.21055,-0.013296,-0.45147,-0.043869,0.06857,-0.38479,0.19363,-0.16194,-0.28856,-0.17628,-0.45866,-0.10645,0.033041,-0.10338,-0.39603,-0.013538,-0.24021,-0.23404,-0.32461,-0.10967,-0.029587,0.26878,-0.17193,0.03031,0.09255,0.1103,0.0027372,-0.034962,0.0093346,-0.21842,0.20026,0.019828
0.069367,-0.013028,-0.096005,-0.017398,0.25477,-0.04545,-0.063655,-0.20991,0.018541,-0.076366,0.62811,0.02842,0,0.15407,-0.093749,0.35713,0.41118,0.20089,0.34506,0.45774,-0.29628,-0.26951,-0.0053938,-0.1537,-0.10728,0.10772,0.49074,0.073401,0.4123,-0.35523,-0.067218,0.13404,0.44582,-0.18177,-0.0070125,-0.16545,-0.10382,-0.29076,-0.0086779,0.21494,0.29118,-0.19196,-0.20342,0.34381,0.34065,-0.085706,0.15644,0.21652,-0.12715,-0.056069,0.24306,0.055606,0.088701,0.47577,0.11703,-0.13126,0.11464,0.29328,-0.058779,-0.13742,-0.16027,-0.0051312,0.13882,0.31418,-0.30908,0.065185,0.17488,-0.10825,0.10056,-0.041619,-0.20336,-0.18778,-0.35061,-0.17031,-0.1025,-0.11284,-0.30211,-0.29128,-0.13347,-0.31581,-0.0036916,-0.21153,0.065977,0.013723,-0.28518,-0.26706,-0.59062,-0.32131,-0.1393,0.074126,0.23091,0.11696,0.036674,-0.065964,-0.23271,0.17633,-0.038194,-0.25914,0.041701,-0.2948,-0.21447,0.34874,0.0093475,0.43018,0.15981,-0.0073201,0.28952,0.38363,0.21455,0.167,0.34703,-0.032993,-0.09214,-0.090184,-0.2564,-0.13429,0.13674,0.16606,0.055853,0.13192,-0.068423,-0.19276,-0.16887,0.10085,-0.23553,-0.16275,0.012757,0.012363,-0.062444,-0.12306,-0.34358,-0.017019,-0.116,-0.10638,0.045826,0.14297,-0.056512,0.13533,0.2054,-0.36115,-0.24051,0.016562,0.049217,-0.12263,0.078835,0.072565,-0.080134,0.53242,0.16482,-0.16121,-0.19064,-0.24505,-0.1316,-0.032956,0.42029,-0.10029,-0.24329,0.019719,-0.0091856,0.089587,-0.27602,-0.0046385,-0.29763,-0.60671,-0.31726,-0.20535,0.073803,-0.48295,-0.35843,-0.40856,-0.34694,-0.19828,-0.21502,0.071136,-0.16246,-0.37297,-0.2542,-0.47393,-0.19194,-0.14423,-0.094714,-0.012302
-0.13224,-0.21686,0.0071326,0.10433,0.24759,0.475,0.23634,0.21541,-0.057957,0.34777,0.22973,0.32805,0.15407,0,-0.18386,0.18384,0.13611,0.61239,0.43366,-0.027891,-0.19361,-0.050636,0.18396,-0.12996,0.016587,0.10141,0.19094,-0.33239,0.26859,-0.20465,0.13895,-0.30828,-0.0041829,-0.30684,0.069777,-0.049419,-0.1272,0.18004,-0.13125,0.10438,0.37643,-0.14462,-0.36741,0.34141,0.00017393,-0.22339,0.12464,0.45213,-0.24729,-0.032401,-0.12124,-0.076214,0.059674,0.1108,0.028232,-0.13452,0.028859,0.46489,-0.063034,-0.04322,0.091113,-0.33979,0.20568,0.28102,-0.27331,0.11915,-0.071729,-0.11189,-0.043148,-0.26596,0.049688,-0.169,-0.38696,0.081245,-0.029838,-0.02956,-0.074525,-0.2387,-0.0037995,0.19317,0.10927,-0.14629,-0.0067111,-0.11932,-0.31039,-0.1979,-0.036732,-0.20527,-0.065815,0.096419,0.072281,-0.15517,-0.10116,0.025362,-0.14573,0.082672,0.032548,0.16537,0.080112,-0.12038,0.21433,0.038301,0.44111,0.071037,0.41474,-0.17647,-0.0013036,0.26552,0.29561,0.24468,0.043396,-0.022513,-0.085427,0.075794,-0.089286,-0.070702,-0.24599,0.05587,-0.32625,0.036939,-0.25082,-0.24848,-0.34979,-0.15668,-0.068938,-0.16008,-0.30233,0.0052178,0.12449,-0.12968,-0.12175,0.034432,-0.042828,0.13149,-0.13655,-0.040894,-0.41627,-0.1485,0.30555,-0.44991,-0.2523,-0.2512,-0.043891,-0.3046,-0.16743,-0.31512,-0.0094318,0.27225,0.16219,-0.20552,-0.25494,-0.087818,-0.4826,0.15004,0.15021,-0.26419,-0.1093,-0.20075,-0.12586,-0.35913,-0.34907,0.051147,-0.27026,-0.15878,-0.29139,-0.090351,-0.063209,-0.28813,-0.22908,-0.21892,-0.085094,0.004186,-0.092477,0.12136,-0.083416,-0.20431,0.05484,-0.23329,-0.13489,-0.21051,0.10763,-0.074446
0.28194,-0.095127,0.133,0.012138,-0.0075124,0.067995,-0.15694,0.0072324,-0.27567,-0.058043,0.16574,-0.041682,-0.093749,-0.18386,0,-0.14009,-0.078492,-0.072504,0.21363,0.031113,0.13312,0.78504,-0.15435,-0.11725,0.21353,0.24869,-0.11523,-0.089006,-0.16567,0.63206,0.36145,0.084625,-0.067846,0.063843,0.17269,-0.3713,-0.18635,0.094663,-0.049088,-0.077403,0.14518,-0.061837,0.11745,-0.25673,-0.34588,0.11342,0.090364,0.041682,0.12473,-0.11382,0.23609,-0.2391,0.18905,-0.025207,0.0040627,-0.002527,0.17317,-0.16049,-0.046053,-0.0657,0.16658,0.041033,-0.029226,-0.12527,-0.19587,-0.31081,0.24248,0.011803,-0.046712,0.22822,-0.054287,0.020801,0.12272,0.077277,0.050856,0.1615,0.26424,0.14348,0.052743,0.15662,0.046717,-0.045519,0.26739,-0.081803,-0.022153,-0.10422,0.12112,0.069495,0.13601,0.14378,0.051246,0.077651,-0.091939,0.025816,-0.097669,-0.052028,-0.22828,-0.3807,0.047515,-0.093841,-0.38012,-0.049155,-0.25825,-0.31281,-0.40104,0.63712,0.072973,-0.0083342,-0.26928,0.1196,-0.020695,0.21483,0.50076,-0.23973,-0.25131,0.013666,0.12683,-0.15484,-0.16135,-0.11139,0.42558,0.27587,0.094483,-0.083001,0.2188,-0.023564,-0.38221,-0.073565,-0.14564,0.18583,-0.20823,-0.091389,0.12735,0.19254,-0.13292,-0.42234,-0.035569,0.06997,-0.037603,0.079868,-0.34947,-0.014677,-0.29643,0.050802,-0.042909,-0.14555,0.11835,0.0026785,-0.062406,-0.21776,-0.040969,0.092603,0.0096275,-0.34614,0.025549,-0.0061691,-0.06452,-0.077194,-0.10075,-0.039843,0.14569,-0.047045,0.17496,0.27034,0.099755,-0.077532,0.23388,-0.022264,-0.18706,-0.04956,-0.061389,0.033171,-0.074124,0.046716,-0.15531,-0.39472,-0.35437,-0.21379,-0.055295,0.067755,0.081852,-0.075707
0.11946,0.27599,0.15414,0.48553,-0.1993,-0.24404,-0.21858,-0.11092,-0.18244,-0.19657,0.68035,0.36335,0.35713,0.18384,-0.14009,0,0.86945,0.0032995,0.45115,0.5038,-0.19953,-0.29524,-0.17712,-0.32028,0.12309,0.14529,0.44774,-0.13535,0.064286,-0.1426,0.12421,-0.040542,-0.17335,-0.40456,0.33303,0.027975,-0.17513,-0.030008,0.023761,0.20476,0.2278,-0.14286,-0.16647,-0.062478,0.03018,-0.28152,-0.13922,0.28616,-0.31941,-0.11396,0.25378,-0.065688,0.32127,0.16843,-0.11373,-0.056847,-0.050873,0.011712,-0.26548,-0.0094799,-0.15805,-0.089469,0.2515,0.19583,-0.16523,0.28871,0.30233,-0.20748,-0.37453,-0.34351,0.16201,-0.16216,-0.33362,-0.44479,-0.058161,0.12842,-0.27531,-0.29898,-0.19469,-0.16056,0.31145,-0.35019,0.19457,0.19543,0.0174,0.077938,-0.21264,-0.31929,-0.37428,0.027057,0.38664,0.083765,0.10724,0.034605,0.2264,-0.29812,0.043952,-0.14383,-0.034555,0.10993,-0.18802,0.28989,0.037243,0.19386,0.11232,-0.14417,0.50937,0.46488,-0.14764,0.28102,0.28038,-0.32461,-0.2222,-0.21486,-0.27202,-0.03922,0.19897,-0.090726,-0.072476,-0.14514,-0.22455,-0.096944,-0.29346,-0.42356,-0.3608,0.10925,-0.012263,-0.078776,-0.16448,-0.012691,0.0037251,0.11605,0.045952,-0.021803,-0.19546,-0.13535,-0.22268,-0.018587,0.39728,-0.28389,-0.27652,0.079126,0.096513,0.09098,-0.26617,-0.21641,-0.092174,0.278,-0.076589,-0.31533,-0.15151,0.12411,-0.11276,-0.032471,0.3383,-0.097052,0.25159,0.075999,-0.22852,-0.34264,-0.38864,-0.052069,-0.12971,-0.27727,-0.55712,0.22634,-0.22136,-0.44899,-0.13804,-0.30023,-0.27817,0.13219,-0.14475,0.21117,0.18788,0.058531,0.081494,-0.27964,-0.079104,-0.47125,-0.23981,0.037913
0.055173,0.13699,0.15526,0.30936,-0.22104,-0.18975,-0.080174,-0.062105,-0.084002,-0.26384,0.67206,0.18834,0.41118,0.13611,-0.078492,0.86945,0,0.16631,0.56446,0.48323,-0.22083,-0.18126,-0.18944,-0.29101,0.045823,0.058307,0.40192,-0.15193,0.14257,-0.054903,0.17244,-0.01864,-0.17908,-0.29628,0.37125,-0.087766,-0.22543,-0.020663,0.049948,0.26735,0.33809,-0.12182,-0.16449,0.090921,0.19295,-0.15538,-0.088393,0.27552,-0.24338,-0.13408,0.14837,-0.051615,0.17959,0.11232,-0.0034612,-0.14721,-0.021205,0.022149,-0.2401,-0.081893,-0.22311,-0.040364,0.22667,0.17121,-0.1351,0.27029,0.28032,-0.19447,-0.34665,-0.25941,0.18525,-0.12117,-0.24593,-0.29502,-0.11054,0.11354,-0.19777,-0.12064,0.0065319,-0.087941,0.23407,-0.28227,0.32617,0.21341,-0.022312,0.15757,-0.2085,-0.33358,-0.401,-0.080558,0.23662,0.073665,0.0039772,0.057019,0.066505,-0.27112,-0.112,-0.20766,-0.033757,0.062867,-0.26968,0.18755,-0.056751,0.17667,-0.01156,-0.030147,0.53843,0.52679,-0.0093092,0.32644,0.19184,-0.39629,-0.22512,-0.27876,-0.42536,-0.049487,0.073458,-0.21547,-0.043247,-0.20233,-0.17706,-0.11935,-0.30241,-0.50094,-0.45687,0.036101,-0.032468,-0.11773,-0.071337,0.0046987,-0.03208,0.12353,0.019098,-0.038115,-0.10286,-0.18445,-0.23478,0.0070844,0.28162,-0.19716,-0.32489,0.00021673,0.091578,0.079625,-0.25444,-0.21778,-0.12475,0.17907,-0.094579,-0.31653,-0.21513,0.052021,-0.11663,-0.11979,0.32777,-0.033344,0.085469,0.030432,-0.2016,-0.33971,-0.34536,0.094555,-0.12418,-0.26123,-0.50639,0.2219,-0.19804,-0.55026,-0.079134,-0.23911,-0.30852,-0.020712,0.01467,0.34378,0.20737,-0.087027,0.0098083,-0.45656,-0.053809,-0.39393,-0.44568,-0.040385
0.0094286,-0.14409,0.037118,-0.13551,0.14916,0.31056,0.23533,0.26767,0.0070409,0.11501,0.23403,0.066753,0.20089,0.61239,-0.072504,0.0032995,0.16631,0,0.46595,-0.077199,-0.22415,0.030883,0.23822,0.30239,-0.023803,-0.075066,0.23576,-0.42214,0.32062,-0.095513,0.28685,-0.086922,0.033694,0.10807,0.22181,-0.17837,-0.1724,0.041235,-0.16018,0.27941,0.45512,-0.044204,-0.23024,0.60614,0.31126,-0.21011,0.069788,0.13491,-0.066243,-0.19622,-0.10272,-0.16298,0.016155,0.082932,-0.033439,-0.27886,0.16006,0.24647,-0.2226,-0.26382,-0.11314,-0.2448,0.05272,0.17498,-0.25934,0.017566,-0.25394,-0.2525,-0.11259,-0.24855,0.058424,-0.132,-0.13982,0.025244,-0.14549,-0.10028,0.014805,-0.26683,0.29017,0.12186,-0.063602,-0.26955,-0.058255,-0.15902,-0.30131,-0.088293,-0.09422,-0.32943,-0.059945,-0.026384,-0.0096653,0.086867,0.13708,0.08497,-0.07765,0.032522,0.093366,0.27815,0.16864,-0.16538,0.14007,0.038509,0.24786,0.11595,0.12253,-0.068291,-0.1001,0.22042,0.40812,0.26125,-0.15188,-0.095305,0.014109,0.14549,0.049387,0.067968,-0.26802,0.090306,-0.42009,-0.025981,0.025421,-0.072033,-0.10768,-0.033867,-0.048911,0.018757,-0.1286,-0.058658,-0.05076,0.0011669,-0.0914,0.17885,-0.025568,0.0089824,-0.093418,-0.10457,-0.18316,0.11263,0.03239,-0.23407,-0.34299,-0.028799,0.0625,-0.24363,-0.045386,-0.17206,-0.1111,0.24287,0.20651,-0.31543,-0.32608,-0.35567,-0.3148,0.021553,0.049079,-0.1155,-0.2111,-0.31783,-0.32765,-0.30951,-0.29971,0.076194,-0.41249,-0.14795,-0.13156,-0.20398,-0.096748,-0.14419,-0.15536,0.099861,-0.08832,-0.28601,-0.071302,-0.0037914,-0.12949,-0.27298,-0.22138,-0.43162,-0.21024,-0.057636,0.067081,-0.076458
0.046309,-0.13948,0.032547,0.05837,-0.08467,0.23382,0.1694,0.053945,0.12115,0.18917,0.62132,0.37646,0.34506,0.43366,0.21363,0.45115,0.56446,0.46595,0,0.12063,-0.25378,0.094611,-0.14266,-0.21657,0.0055259,-0.010528,0.29705,-0.31767,0.38138,0.035419,0.38707,-0.068873,-0.063626,-0.21787,0.38362,-0.34485,-0.33925,0.03684,-0.19441,0.20422,0.64059,-0.13229,-0.17288,0.36187,0.34518,-0.21136,0.27412,0.43734,-0.20396,-0.33281,0.13849,-0.30742,0.067803,0.099856,-0.1863,0.0098782,0.082406,0.12678,-0.31748,-0.18185,-0.11919,-0.15273,0.23151,0.17834,-0.3531,0.050611,0.14975,-0.37704,-0.17302,-0.060419,0.10787,-0.12091,-0.3237,-0.099707,-0.17828,0.12235,-0.32401,-0.26836,-0.089616,0.034626,0.19261,-0.34398,0.20666,-0.065978,-0.23016,-0.041694,-0.19853,-0.44878,-0.1719,-0.00026511,0.25287,-0.022347,-0.20557,-0.0057378,-0.11901,-0.028221,-0.043574,-0.21616,0.070527,-0.10381,0.0093025,0.21726,0.15011,0.035553,-0.032687,0.20702,0.24794,0.45003,0.11343,0.63359,0.019587,-0.14996,-0.012687,-0.075127,-0.32186,-0.079579,-0.062124,-0.030463,-0.34739,-0.20464,-0.035183,0.033749,-0.36904,-0.38913,-0.31374,0.076074,-0.29655,-0.23254,-0.24248,-0.10912,-0.23772,0.11483,-0.019554,-0.063151,-0.074959,-0.15606,-0.33435,0.096276,0.31085,-0.33504,-0.57244,-0.052851,-0.020453,-0.025511,-0.18965,-0.3536,0.16212,0.35824,0.19093,-0.45319,-0.36919,-0.11095,-0.38565,-0.091275,0.36271,-0.23516,-0.12995,-0.27066,-0.40964,-0.48002,-0.35071,0.027995,-0.11205,-0.16902,-0.42439,-0.010832,-0.012323,-0.57263,-0.30836,-0.48347,-0.43194,-0.088408,-0.096355,0.18468,-0.016864,-0.32226,-0.19929,-0.53074,-0.4017,-0.35763,-0.18088,0.031333
0.2916,0.32572,0.25494,0.24514,-0.0068491,-0.18823,-0.12359,0.049003,-0.21786,-0.23663,0.52008,0.11814,0.45774,-0.027891,0.031113,0.5038,0.48323,-0.077199,0.12063,0,-0.068176,-0.19376,0.063462,-0.11289,0.042454,0.25005,0.3732,-0.072475,0.013744,-0.19262,0.038976,0.30333,0.18217,0.059105,0.25291,0.049252,-0.019096,-0.17278,0.2854,0.45363,0.10603,0.14056,0.14824,-0.18411,0.05026,-0.17928,-0.08035,0.14872,-0.35598,0.074433,0.43428,0.1366,0.29824,0.16247,-0.14693,-0.04911,-0.072586,-0.085017,0.0099422,0.0087524,-0.24802,-0.27701,0.19739,-0.089052,-0.063673,0.074347,0.1708,-0.062679,-0.14593,-0.32542,-0.11537,-0.33079,-0.44549,-0.4139,-0.22052,-0.166,-0.3224,-0.24617,-0.26817,-0.17008,-0.049905,-0.062104,0.30004,0.076868,-0.21987,-0.049979,-0.44754,-0.29209,0.030754,0.11725,0.28796,0.26182,0.23653,0.17035,0.069894,-0.17936,-0.083186,-0.033656,0.18045,0.2537,-0.22099,0.31187,-0.030528,-0.025986,-0.20887,0.030192,0.34399,0.29127,-0.028113,0.10703,0.6642,-0.15693,-0.090723,-0.048705,-0.22792,-0.18426,0.29996,0.04218,0.03135,-0.14721,-0.057133,-0.035522,-0.05339,-0.0039255,-0.11117,0.15521,0.16725,-0.027433,-0.28542,0.11361,0.14037,0.081604,0.017251,-0.016774,-0.089007,-0.06014,-0.15078,0.055296,0.16306,-0.26678,0.0095806,0.23459,0.032298,0.35663,-0.088369,-0.16958,0.19482,0.23736,-0.033138,0.070742,-0.037905,-0.24326,-0.15051,0.22407,-0.13195,0.060559,0.19975,0.019011,0.035399,0.0391,-0.20931,-0.25235,-0.17913,-0.42718,-0.33617,-0.12393,-0.017001,-0.39902,-0.24056,-0.22035,-0.16442,-0.19438,-0.21914,0.22655,-0.097361,-0.2702,0.077209,-0.36821,-0.13573,-0.12449,-0.090533,0.36432
-0.23232,-0.21496,-0.26555,-0.065959,0.11915,-0.062677,0.086946,0.41165,-0.024422,-0.074742,-0.29704,-0.049115,-0.29628,-0.19361,0.13312,-0.19953,-0.22083,-0.22415,-0.25378,-0.068176,0,0.10962,-0.0086957,0.23722,0.15418,0.072563,-0.19592,0.015807,-0.15282,-0.039263,-0.14698,-0.070154,-0.26415,0.26158,-0.23333,0.17261,-0.12557,0.18666,-0.2492,-0.13778,0.022423,-0.22457,-0.19323,-0.33478,-0.1555,-0.010865,-0.3862,-0.26834,0.256,0.30118,-0.29635,0.22175,-0.27864,-0.37079,-0.32557,0.06416,-0.12584,-0.17168,0.29463,0.29179,0.2144,-0.013641,-0.037608,-0.24997,-0.053903,-0.14557,0.016548,0.12323,0.35368,0.2602,0.20745,0.17344,0.33955,0.33893,0.25943,0.13264,0.35521,0.19146,0.3555,0.49659,-0.098721,0.18569,-0.069275,-0.05779,0.14688,-0.0043663,0.14375,-0.081215,0.085049,-0.069453,-0.44321,-0.22818,-0.24797,-0.20851,-0.18052,-0.058327,-0.086699,-0.15553,0.21013,0.047567,-0.20031,-0.34335,-0.33308,-0.16724,-0.2456,0.091038,-0.23557,-0.35837,-0.19045,-0.20125,-0.27677,0.66472,0.13581,0.18562,0.13595,-0.2396,-0.018779,-0.25644,-0.20243,-0.2368,0.095158,0.083983,-0.072968,-0.013368,0.44743,-0.14,0.059887,-0.15753,-0.085561,-0.055906,0.22094,-0.05248,0.19166,-0.05871,-0.088678,-0.22258,0.033249,-0.25073,-0.27635,0.21826,0.30441,-0.14425,0.050497,0.13385,-0.092432,-0.14898,-0.0050756,-0.15355,-0.033128,0.32907,0.41135,0.12383,0.1178,-0.18353,-0.11761,-0.0032784,-0.13457,-0.03816,0.021605,0.47868,0.41801,0.13161,0.28483,0.5457,0.49317,0.12717,0.209,0.4039,0.39045,0.44546,0.33366,-0.21316,-0.13403,-0.24326,-0.12954,-0.11598,-0.21696,0.15567,-0.04808,0.14747,0.036328,-0.16036
0.29197,-0.076128,0.10269,-0.033558,-0.041282,0.12888,-0.21361,-0.021525,-0.27189,0.0678,-0.1071,-0.073078,-0.26951,-0.050636,0.78504,-0.29524,-0.18126,0.030883,0.094611,-0.19376,0.10962,0,-0.11374,-0.11427,0.20401,0.17515,-0.2106,-0.10907,-0.27635,0.68978,0.20173,-0.04026,-0.16399,0.090717,-0.037255,-0.24206,0.11175,0.13639,-0.16215,-0.31749,0.14468,-0.17336,-0.053105,-0.13698,-0.41378,0.13743,0.15078,-0.093881,0.22022,0.018785,0.034262,-0.15733,-0.057861,-0.16051,0.16004,-0.2073,0.26354,-0.067476,0.18208,-0.07159,0.13375,0.0082745,-0.14995,-0.04442,-0.11057,-0.04727,0.0616,0.11522,0.034448,0.1577,-0.03246,0.18473,0.27488,0.30773,0.015586,0.10643,0.34979,0.22485,0.093246,0.16546,0.13704,0.013686,0.29606,0.10491,0.074243,0.057127,0.35803,0.35665,0.15224,-0.083251,-0.076348,0.086026,-0.085781,0.02577,-0.088436,-0.065783,-0.23549,-0.31991,0.0011734,-0.12115,-0.30427,-0.28048,-0.21295,-0.3736,-0.28156,0.44456,0.031094,-0.17384,-0.10486,-0.036363,-0.187,0.13981,0.36632,-0.28071,-0.2814,0.13457,-0.042043,-0.2174,-0.10743,-0.10895,0.20804,0.14031,0.059372,-0.049511,0.15236,-0.23598,-0.32225,0.21478,0.061468,0.17715,-0.26908,-0.1045,-0.019518,0.26328,-0.056724,-0.37868,-0.092119,-0.17346,-0.23686,0.18183,-0.26922,-0.14793,-0.11717,-0.032246,-0.034365,-0.068708,0.1273,-0.21817,0.034268,-0.072968,-0.18038,0.16942,0.018117,-0.24086,-0.032733,-0.10322,-0.15893,-0.11504,0.062232,0.0090419,0.088048,-0.098731,0.32459,0.37972,0.20517,0.039553,0.033276,0.041889,0.047336,0.11415,0.091986,0.15478,0.11389,0.15907,0.13403,-0.15582,-0.15794,-0.093451,0.22494,0.11598,0.024481,-0.18336
-0.13667,-0.0010554,0.16881,0.052819,0.25133,0.17183,0.26815,0.17125,0.1153,0.076556,-0.11416,0.11774,-0.0053938,0.18396,-0.15435,-0.17712,-0.18944,0.23822,-0.14266,0.063462,-0.0086957,-0.11374,0,0.28704,-0.14975,-0.021823,0.16474,-0.37159,0.17504,-0.10058,0.025389,0.10026,0.20356,0.084104,0.14288,-0.041244,-0.119,0.064886,0.12699,0.0080475,0.14741,0.15491,0.23121,0.27843,-0.1233,-0.10121,0.2117,-0.22038,-0.23611,0.012217,-0.075357,-0.049529,0.048813,0.043333,-0.022832,0.085257,-0.1871,0.0047181,0.020613,-0.29615,0.12141,-0.34558,-0.19288,-0.076991,0.10096,0.020372,-0.52774,-0.0057639,-0.058192,-0.14865,-0.045378,-0.1332,-0.11626,-0.15874,-0.013549,-0.14057,0.069053,0.027197,0.021992,0.21265,-0.35539,-0.030796,0.056322,0.018794,-0.13545,-0.26079,-0.14253,-0.11038,-0.10907,0.077965,0.099936,0.00261,0.039896,0.029842,0.12681,0.10604,0.14361,0.26436,0.24441,0.047142,0.32085,-0.016593,0.15225,-0.12937,0.082772,-0.16439,-0.13909,-0.030983,0.057159,0.1235,0.065321,0.025526,0.046567,0.38734,0.19042,-0.20032,-0.21067,0.31542,-0.11728,0.016062,0.14099,0.13858,0.27811,0.15615,0.086945,-0.091279,0.22185,-0.20172,0.027001,0.13834,-0.048705,0.32258,-0.12941,0.014827,0.36256,0.040992,-0.17383,0.19718,-0.30286,-0.16751,0.24155,-0.13596,-0.044161,-0.15996,-0.13377,-0.23031,-0.065678,0.025323,-0.031468,0.10103,-0.24843,-0.17801,-0.29948,-0.0060405,-0.26409,0.028455,-0.0107,-0.44676,-0.066709,-0.027221,-0.11055,0.2307,-0.036465,-0.075235,-0.15084,-0.27682,-0.22163,0.13276,-0.0026887,0.12816,0.34293,-0.38018,0.16608,0.15054,-0.1129,-0.10579,-0.10489,-0.058908,0.083325,-0.034124,0.095167,0.081444
0.05848,-0.10234,-0.019877,-0.050671,0.11095,0.16179,0.051975,0.35544,0.0072519,-0.027887,-0.16135,-0.16581,-0.1537,-0.12996,-0.11725,-0.32028,-0.29101,0.30239,-0.21657,-0.11289,0.23722,-0.11427,0.28704,0,0.13545,-0.12481,-0.073369,-0.059743,0.099103,-0.038953,-0.0059896,0.21177,0.15536,0.53112,0.0914,0.078999,0.047066,-0.28775,0.0081612,0.26946,-0.067341,0.10133,-0.066504,-0.014486,0.34563,-0.20349,-0.12331,-0.31638,-0.13592,0.035936,0.14481,0.25387,-0.060744,0.062094,-0.059681,-0.083318,-0.24684,-0.20875,0.21073,-0.18723,-0.089218,-0.2821,0.17585,-0.2095,-0.13997,-0.27337,-0.34904,0.1536,0.2261,-0.013103,-0.28617,0.014794,-0.016516,-0.15088,-0.011993,-0.08949,0.080065,-0.052786,0.14994,-0.0094434,-0.29256,0.1174,-0.28171,-0.0727,0.16531,0.20493,-0.034436,-0.14787,0.12907,-0.13775,0.028002,0.34904,0.25901,0.19732,0.3409,-0.090577,0.3331,0.19473,0.28242,-0.07273,0.02207,-0.025446,-0.18616,0.11063,-0.35848,-0.029131,-0.381,-0.42765,-0.014423,-0.23443,-0.23608,0.16108,0.057286,0.33229,0.58245,0.23595,0.08527,0.19848,-0.12937,-0.12968,0.28174,0.20793,0.34134,0.27518,0.13338,0.24313,0.253,0.1555,-0.32246,0.21265,0.24281,0.10648,-0.024995,-0.14264,-0.15917,0.065401,0.038531,-0.054372,-0.33746,-0.02678,0.19309,0.43138,0.27407,0.172,0.23585,0.32272,-0.14715,-0.038696,0.16976,0.36911,-0.056518,-0.29042,-0.07643,0.25512,-0.11198,-0.057495,-0.14514,-0.25885,0.14375,0.2178,0.077373,-0.15903,-0.17878,-0.010248,0.1721,-0.22159,-0.060599,0.32087,0.18823,0.34961,0.35064,-0.36215,0.13937,-0.23384,-0.14207,-0.0080189,0.065932,-0.011905,-0.080774,0.14259,0.10357,0.16011
0.25575,0.043753,0.034606,0.45846,0.009917,-0.083173,-0.30621,0.082642,-0.14508,-0.19176,0.023299,0.18201,-0.10728,0.016587,0.21353,0.12309,0.045823,-0.023803,0.0055259,0.042454,0.15418,0.20401,-0.14975,0.13545,0,0.4564,0.2224,0.11435,-0.29254,0.027819,-0.034998,0.18228,-0.081891,0.076463,0.05276,0.2575,0.29651,-0.30866,-0.047318,0.059416,0.045872,-0.086015,-0.15417,-0.26738,-0.10415,-0.16622,-0.18228,-0.0049124,-0.044786,0.30155,0.34897,0.16846,0.37369,0.1555,0.11433,-0.33818,-0.15128,-0.042439,0.25363,0.33034,-0.31106,-0.18727,0.12912,-0.015602,-0.11354,-0.1229,0.25557,0.21622,0.084855,0.053727,-0.31092,-0.061546,0.017733,0.051071,-0.155,0.26028,0.10785,0.085544,-0.21964,-0.18232,-0.077352,-0.020415,0.094309,0.16034,0.12669,0.14917,0.049225,0.15261,-0.020646,-0.046112,0.2393,0.22849,0.086675,0.042614,0.25257,-0.1511,-0.052028,-0.21529,-0.071534,0.055314,-0.24239,-0.19554,-0.22663,-0.0021503,-0.21324,0.20382,0.066183,-0.12681,-0.19933,-0.052005,-0.23867,0.22249,0.2604,0.13708,0.19723,0.50066,0.33367,-0.096345,-0.0027428,-0.14201,-0.0099624,-0.10223,0.38924,0.019671,0.34561,0.10921,0.14589,0.42814,-0.33151,0.087167,0.11542,-0.052569,0.062447,0.24858,-0.079558,-0.13095,-0.15836,-0.29961,0.022895,-0.17504,0.070873,0.10393,0.15817,0.17637,-0.11154,-0.01113,-0.12831,-0.16628,0.050956,0.17092,0.10989,-0.29133,-0.12712,-0.12956,0.17045,-0.074318,0.094041,0.06636,0.13899,0.23865,-0.085735,-0.30461,-0.14281,-0.0093351,-0.060485,-0.026939,-0.10788,0.17005,-0.029707,0.041135,-0.034463,0.062539,-0.033839,0.1195,0.15733,0.029687,-0.062039,-0.073218,0.18395,0.082439,0.026489,-0.13043
